0001,C10102,T1558,20210402,020202,ALARM,002,000000001020,000000000022,428455,3206,2204,0022,200022
0002,C10102,T1558,20210402,020203,BALNEA,002,000000010000,000000000023,496900,9480,2202,0023,200023
0003,C10102,T1558,20210402,020204,CALZAD,002,000000018980,000000000024,448072,6200,2203,0024,200024
0004,C10102,T1558,20210402,020205,EDUCAT,002,000000027960,000000000025,328975,3570,2204,0025,200025
0005,C10102,T1558,20210402,020206,ELECTR,002,000000036940,000000000026,536854,3508,2203,0026,200026
0006,C10102,T1558,20210402,020207,EVENTO,002,000000045920,000000000027,446571,0029,2201,0027,200027
0007,C10102,T1559,20210402,020208,GIMNAC,002,000000054900,000000000028,407706,4327,2309,0028,200028
0008,C10102,T1559,20210402,020209,HERRAM,002,000000063880,000000000029,370044,1041,2202,0029,200029
0009,C10102,T1558,20210402,020210,ILUMIN,002,000000072860,000000000030,670068,8160,2202,0030,200030
0010,C10102,T1558,20210402,020211,INDUME,002,000000081840,000000000031,370033,0033,2306,0031,200031
