0001,C10105,T1560,20210404,040404,LENTES,003,000000999999,000000000044,470021,0806,2408,0044,400044
0002,C10105,T1560,20210404,040405,LENTES,003,000001000000,000000000045,470022,1013,2408,0045,400045
0003,C10105,T1560,20210404,040406,LENTES,003,000001000001,000000000046,470023,1016,2409,0046,400046
0004,C10105,T1561,20210404,040407,MOTOCI,012,000025000000,000000000047,444890,5955,2205,0047,400047
0005,C10105,T1561,20210404,040408,MOTOCI,012,000024999999,000000000048,479405,4246,2308,0048,400048
0006,C10105,T1561,20210404,040409,MOTOCI,012,000025000001,000000000049,406309,7303,2202,0049,400049
0007,C10105,T1560,20210404,040410,LENTES,006,000000999999,000000000050,470021,0806,2408,0050,400050
0008,C10105,T1560,20210404,040411,LENTES,006,000001000000,000000000051,470022,1013,2408,0051,400051
0009,C10105,T1560,20210404,040412,LENTES,006,000001000001,000000000052,470023,1016,2409,0052,400052
0010,C10105,T1561,20210404,040413,MOTOCI,018,000025000000,000000000053,444890,5955,2205,0053,400053
0011,C10105,T1561,20210404,040414,MOTOCI,018,000024999999,000000000054,479405,4246,2308,0054,400054
0012,C10105,T1561,20210404,040415,MOTOCI,018,000025000001,000000000055,406309,7303,2202,0055,400055
