0001,C10102,T1558,20210401,010101,ALARM,001,000000001010,000000000011,428455,3206,2204,0011,100011
0002,C10102,T1558,20210401,010102,BALNEA,001,000000011000,000000000012,496900,9480,2202,0012,100012
0003,C10102,T1558,20210401,010103,CALZAD,001,000000020990,000000000013,448072,6200,2203,0013,100013
0004,C10102,T1558,20210401,010104,EDUCAT,001,000000030980,000000000014,328975,3570,2204,0014,100014
0005,C10102,T1558,20210401,010105,ELECTR,001,000000040970,000000000015,536854,3508,2203,0015,100015
0006,C10102,T1558,20210401,010106,EVENTO,001,000000050960,000000000016,446571,0029,2201,0016,100016
0007,C10102,T1559,20210401,010107,GIMNAC,001,000000060950,000000000017,407706,4327,2309,0017,100017
0008,C10102,T1559,20210401,010108,HERRAM,001,000000070940,000000000018,370044,1041,2202,0018,100018
0009,C10102,T1558,20210401,010109,ILUMIN,001,000000080930,000000000019,670068,8160,2202,0019,100019
0010,C10102,T1558,20210401,010110,INDUME,001,000000090920,000000000020,370033,0033,2306,0020,100020
