0001,C10105,T1561,20210407,130000,ILUMIN,001,000000105154,000000000092,456806,8177,2110,0092,700092
0002,C10105,T1561,20210407,130001,ILUMIN,001,000000761781,000000000093,670067,8938,2201,0093,700093
0003,C10105,T1561,20210407,130001,CONSTR,001,000000590451,000000000094,479405,4246,2308,0094,700094
0004,C10105,T1561,20210407,130002,CONSTR,001,000000768253,000000000095,327611,3390,2201,0095,700095
0005,C10105,T1562,20210407,130002,COMPUT,001,000001666808,000000000096,404186,3455,2204,0096,700096
0006,C10105,T1561,20210407,130003,INDUME,001,000000497726,000000000097,419386,7644,2203,0097,700097
0007,C10105,T1561,20210407,130003,INDUME,001,000000803095,000000000098,370099,2350,2202,0098,700098
0008,C10105,T1560,20210407,130004,MOTOCI,001,000000402875,000000000099,361223,0077,2205,0099,700099
0009,C10105,T1561,20210407,130004,CONSTR,001,000000265158,000000000100,406309,7303,2202,0100,700100
0010,C10105,T1561,20210407,130005,CONSTR,001,000000811157,000000000101,361223,0077,2205,0101,700101
0011,C10105,T1562,20210407,130005,CONSTR,001,000000375588,000000000102,463848,7487,2205,0102,700102
0012,C10105,T1561,20210407,130006,CONSTR,001,000000643263,000000000103,480924,0017,2306,0103,700103
0013,C10105,T1562,20210407,130006,COMPUT,001,000000533847,000000000104,508217,2180,2202,0104,700104
0014,C10105,T1562,20210407,130007,MUSICA,002,000000342245,000000000105,347147,2597,2202,0105,700105
0015,C10105,T1560,20210407,130007,MOTOCI,003,000000598826,000000000106,370033,0033,2306,0106,700106
0016,C10105,T1560,20210407,130008,MOTOCI,003,000000959076,000000000107,536854,3508,2203,0107,700107
0017,C10105,T1560,20210407,130008,MOTOCI,001,000000392770,000000000108,361223,0077,2205,0108,700108
