0001,C10102,T1558,20210403,030303,ALARM,003,000000003030,000000000033,428455,3206,2204,0033,300033
0002,C10102,T1558,20210403,030304,BALNEA,003,000000303000,000000000034,496900,9480,2202,0034,300034
0003,C10102,T1558,20210403,030305,CALZAD,003,000000602970,000000000035,448072,6200,2203,0035,300035
0004,C10102,T1558,20210403,030306,EDUCAT,003,000000902940,000000000036,328975,3570,2204,0036,300036
0005,C10102,T1558,20210403,030307,ELECTR,003,000001202910,000000000037,536854,3508,2203,0037,300037
0006,C10102,T1558,20210403,030308,EVENTO,003,000001502880,000000000038,446571,0029,2201,0038,300038
0007,C10102,T1559,20210403,030309,GIMNAC,003,000001802850,000000000039,407706,4327,2309,0039,300039
0008,C10102,T1559,20210403,030310,HERRAM,003,000002102820,000000000040,370044,1041,2202,0040,300040
0009,C10102,T1558,20210403,030311,ILUMIN,003,000002402790,000000000041,670068,8160,2202,0041,300041
0010,C10102,T1558,20210403,030312,INDUME,003,000002702760,000000000042,370033,0033,2306,0042,300042
