0001,C10105,T1563,20210405,050505,KIOSKO,002,000000005550,000000000057,327611,3390,2201,0057,500057
0002,C10105,T1563,20210405,050506,FARMAC,003,000000055000,000000000058,347147,2597,2202,0058,500058
0003,C10105,T1562,20210405,050507,PERFUM,006,000000104450,000000000059,327611,3390,2201,0059,500059
0004,C10105,T1562,20210405,050508,SUPERM,002,000000153900,000000000060,347799,3719,2203,0060,500060
0005,C10105,T1562,20210405,050509,RESTAU,003,000000203350,000000000061,463848,7487,2205,0061,500061
0006,C10105,T1563,20210405,050510,KIOSKO,006,000000252800,000000000062,853810,1172,2211,0062,500062
0007,C10105,T1563,20210405,050511,FARMAC,002,000000302250,000000000063,444890,5955,2205,0063,500063
0008,C10105,T1562,20210405,050512,PERFUM,003,000000351700,000000000064,484066,8528,2204,0064500064
0009,C10105,T1562,20210405,050513,SUPERM,006,000000401150,000000000065,518002,2208,2205,0065,500065
0010,C10105,T1562,20210405,050514,RESTAU,002,000000450600,000000000066,370088,7776,2201,0066,500066
0011,C10105,T1563,20210405,050515,KIOSKO,003,000000500050,000000000067,470018,9065,2406,0067,500067
0012,C10105,T1563,20210405,050516,FARMAC,006,000000549500,000000000068,470020,1019,2407,0068,500068
0013,C10105,T1562,20210405,050517,PERFUM,002,000000598950,000000000069,470025,1022,2410,0069,500069
0014,C10105,T1562,20210405,050518,SUPERM,003,000000648400,000000000070,470027,1028,2411,0070,500070
0015,C10105,T1562,20210405,050519,RESTAU,006,000000697850,000000000071,370033,0033,2306,0071,500071
