0001,C10102,T1558,20210408,150125,HERRAM,003,000000300000,000000000110,428455,3206,2204,0110,800110
0002,C10102,T1558,20210408,150125,HERRAM,001,000000904346,000000000111,496900,9480,2202,0111,800111
0003,C10102,T1558,20210408,150126,HERRAM,001,000000036166,000000000112,448072,6200,2203,0112,800112
0004,C10102,T1558,20210408,150127,ILUMIN,003,000000952775,000000000113,328975,3570,2204,0113,800113
0005,C10102,T1558,20210408,150128,CONSTR,001,000000585697,000000000114,536854,3508,2203,0114,800114
0006,C10102,T1558,20210408,150129,CONSTR,012,000021162361,000000000115,446571,0029,2201,0115,800115
0007,C10102,T1559,20210408,150130,LIBRER,018,000001800000,000000000116,407706,4327,2309,0116,800116
0008,C10102,T1559,20210408,150131,INDUME,003,000000768191,000000000117,370044,1041,2202,0117,800117
0009,C10102,T1558,20210408,150132,HERRAM,001,000000957415,000000000118,670068,8160,2202,0118,800118
0010,C10102,T1558,20210408,150133,CONSTR,001,000000218114,000000000119,370033,0033,2306,0119,800119
0011,C10102,T1558,20210408,150134,CONSTR,018,000018000000,000000000120,853810,1172,2211,0120,800120
0012,C10102,T1559,20210408,150135,INDUME,003,000000985467,000000000121,670067,8938,2201,0121,800121
0013,C10102,T1559,20210408,150136,INDUME,001,000000179432,000000000122,370110,3081,2203,0122,800122
0014,C10102,T1559,20210408,150137,INDUME,003,000000759334,000000000123,370055,6926,2203,0123,800123
0015,C10102,T1559,20210408,150138,LIBRER,001,000000197315,000000000124,472247,8286,2304,0124,800124
0016,C10102,T1559,20210408,150139,INDUME,001,000000431524,000000000125,436440,8632,2107,0125,800125
0017,C10102,T1559,20210408,150140,INDUME,001,000000768191,000000000126,497988,5903,2110,0126,800126
0018,C10102,T1559,20210408,150141,INDUME,003,000000611800,000000000127,370066,4937,2204,0127,800127
0019,C10102,T1558,20210408,150142,HERRAM,001,000000497492,000000000128,491163,5159,2108,0128,800128
