0001,C10105,T1561,20210409,160602,HERRAM,001,000000497492,000000000130,347147,2597,2202,2718,101419
0002,C10105,T1561,20210409,160603,HERRAM,001,000000214401,000000000131,370110,5610,2203,2719,101420
0003,C10105,T1561,20210409,160604,ILUMIN,001,000000558603,000000000132,484066,8528,2204,2720,101421
0004,C10105,T1562,20210409,160605,CONSTR,001,000000278880,000000000133,480513,3300,2201,2721,101422
0005,C10105,T1561,20210409,160606,CONSTR,001,000000726713,000000000134,444890,5955,2205,2722,101423
0006,C10105,T1561,20210409,160607,CONSTR,001,000000637611,000000000135,407706,4327,2309,2723,101424
0007,C10105,T1562,20210409,160608,COMPUT,001,000000488272,000000000136,472247,8286,2304,2724,101425
0008,C10105,T1560,20210409,160609,MUSICA,001,000000362455,000000000137,417825,7307,2210,2725,101426
0009,C10105,T1562,20210409,160610,LIBRER,001,000000171960,000000000138,508217,2180,2202,2726,101427
0010,C10105,T1562,20210409,160611,MUSICA,001,000000382665,000000000139,347799,3719,2203,2727,101428
0011,C10105,T1562,20210409,160612,MOTOCI,002,000000598826,000000000140,480513,3300,2201,2728,101429
0012,C10105,T1561,20210409,160613,HERRAM,009,000033946284,000000000141,347147,2597,2202,2729,101430
0013,C10105,T1561,20210409,160614,HERRAM,009,000044607490,000000000142,436440,8632,2107,2730,101431
0014,C10105,T1561,20210409,160615,ILUMIN,001,000000803095,000000000143,574092,5484,2205,2731,101432
0015,C10105,T1561,20210409,160616,ILUMIN,002,000000169535,000000000144,585877,9309,2204,2732,101433
0016,C10105,T1561,20210409,160617,CONSTR,006,000000410038,000000000145,361223,0077,2205,2733,101434
0017,C10105,T1562,20210409,160618,COMPUT,012,000012000000,000000000146,504814,7532,2201,2734,101435
0018,C10105,T1562,20210409,160619,INDUME,012,000000167425,000000000147,535074,9760,2205,2735,101436
0019,C10105,T1562,20210409,160620,INDUME,012,000000113992,000000000148,370044,0649,2407,2736,101437
0020,C10105,T1560,20210409,160621,LENTES,003,000000947746,000000000149,370077,6549,2205,2737,101438
0021,C10105,T1560,20210409,160622,LENTES,012,000000312827,000000000150,470019,2502,2407,2738,101439
0022,C10105,T1562,20210409,160623,LENTES,002,000000261369,000000000151,470024,1019,2409,2739,101440
0023,C10105,T1560,20210409,160624,LENTES,012,000000806851,000000000152,470026,1025,2410,2740,101441
