0001,C10102,T1559,20210406,150114,JUGUET,001,000000006666,000000000073,417825,7307,2210,0073,600073
0002,C10102,T1559,20210406,150115,JUGUET,002,000000060000,000000000074,591278,0028,2204,0074,600074
0003,C10102,T1558,20210406,150116,JUGUET,003,000000113334,000000000075,347799,3719,2203,0075,600075
0004,C10102,T1558,20210406,150117,JUGUET,004,000000166668,000000000076,347799,3719,2203,0076,600076
0005,C10102,T1559,20210406,150118,JUGUET,005,000000220002,000000000077,402360,6411,2105,0077,600077
0006,C10102,T1559,20210406,150119,JUGUET,006,000000273336,000000000078,326197,0088,2201,0078,600078
0007,C10102,T1558,20210406,150120,JUGUET,007,000000326670,000000000079,535074,9760,2205,0079,600079
0008,C10102,T1558,20210406,150121,JUGUET,008,000000380004,000000000080,327611,3390,2201,0080,600080
0009,C10102,T1559,20210406,150122,JUGUET,009,000000433338,000000000081,370033,0033,2306,0081,600081
0010,C10102,T1559,20210406,150123,JUGUET,010,000000486672,000000000082,446571,0029,2201,0082,600082
0011,C10102,T1558,20210406,150124,JUGUET,011,000000540006,000000000083,370033,4542,2201,0083,600083
0012,C10102,T1558,20210406,150125,JUGUET,012,000000593340,000000000084,413707,2107,2201,0084,600084
0013,C10102,T1559,20210406,150126,JUGUET,013,000000646674,000000000085,404186,3455,2204,0085,600085
0014,C10102,T1559,20210406,150127,JUGUET,014,000000700008,000000000086,504814,7532,2201,0086,600086
0015,C10102,T1558,20210406,150128,JUGUET,015,000000753342,000000000087,480924,0017,2306,0087,600087
0016,C10102,T1558,20210406,150129,JUGUET,016,000000806676,000000000088,436381,2196,2203,0088,600088
0017,C10102,T1559,20210406,150130,JUGUET,017,000000860010,000000000089,496900,9480,2202,0089,600089
0018,C10102,T1559,20210406,150131,JUGUET,018,000000913344,000000000090,370121,2443,2204,0090,600090
