0001,C10105,T1560,20210410,172824,MOTOCI,001,000000412980,000000000154,327611,3390,2201,2345,101518
0002,C10105,T1560,20210410,172825,MUSICA,001,000000352350,000000000155,347147,2597,2202,2346,101519
0003,C10105,T1562,20210410,172826,MUSICA,001,000000423085,000000000156,327611,3390,2201,2347,101519
0004,C10105,T1562,20210410,172825,MUSICA,003,000000372560,000000000157,347799,3719,2203,2348,101520
0005,C10105,T1562,20210410,172827,LIBRER,009,000000084117,000000000158,463848,7487,2205,2349,101520
0006,C10105,T1560,20210410,172828,MOTOCI,001,000000859386,000000000159,853810,1172,2211,2350,101521
0007,C10105,T1562,20210410,172826,INDUME,018,000000935326,000000000160,484066,8528,2204,2351,101521
0008,C10105,T1561,20210410,172829,INDUME,001,000000590451,000000000161,518002,2208,2205,2352,101522
0009,C10105,T1562,20210410,172830,INDUME,009,000000531648,000000000162,370088,7776,2201,2353,101522
0010,C10105,T1560,20210410,172827,LENTES,001,000000317199,000000000163,470018,9065,2406,2354,101523
0011,C10105,T1560,20210410,172831,LENTES,001,000000171217,000000000164,470020,1019,2407,2355,101523
0012,C10105,T1560,20210410,172832,LENTES,001,000000108416,000000000165,470025,1022,2410,2356,101524
0013,C10105,T1562,20210410,172828,LIBRER,001,000000368018,000000000166,470027,1028,2411,2357,101524
0014,C10105,T1562,20210410,172833,COMPUT,001,000000586125,000000000167,370033,0033,2306,2358,101525
